00000000
00120001
28e82011
a04002aa
00000040
000e0001
2008e000
204002a1
00000060
00160001
28482000
204002a8
00000080
00080001
50202002
20008200
000000a0
00000001
50304000
20008200
000000e0
000e0001
28200000
604002a7
00000200
00080001
50308000
20008200
00000260
00160001
28c00000
604002a7
00000300
00160001
20084000
204002a1
00000360
001a0001
2888c010
204002aa
00000380
001e0001
2848e000
204002a8
000003e0
00100001
50204002
20008200
00000400
00000001
50200002
20008200
00000460
001e0001
20080000
204002a1
00000480
00220001
28084011
a04002aa
000004a0
001e0001
28a00000
604002a7
000004e0
00260001
503208c4
20008281
00000700
000e0001
2828c000
204002a8
00000740
00000001
50000004
20008200
000007a0
00100001
5030c000
20008200
